tweet_id,favorite_count,retweet_count
892420643555336193,33664,6961
892177421306343426,29190,5266
891815181378084864,21957,3463
891689557279858688,36716,7178
891327558926688256,35148,7707
891087950875897856,17712,2580
890971913173991426,10320,1644
890729181411237888,56552,15666
890609185150312448,24393,3599
890240255349198849,27827,6060
890006608113172480,26908,6105
889880896479866881,24453,4137
889665388333682689,41839,8294
889638837579907072,23559,3695
889531135344209921,13298,1873
889278841981685760,22010,4414
888917238123831296,25510,3739
888804989199671297,22354,3508
888554962724278272,17238,2859
888078434458587136,19084,2882
887705289381826560,26498,4514
887517139158093824,40552,9802
887473957103951883,59908,14940
887343217045368832,29466,8769
887101392804085760,26877,4965
886983233522544640,30216,6281
886736880519319552,10451,2609
886680336477933568,19634,3717
886366144734445568,18463,2610
886267009285017600,105,4
886258384151887873,24419,5246
886054160059072513,0,93
885984800019947520,28446,5585
885528943205470208,31448,5303
885518971528720385,17933,3095
885311592912609280,0,15348
885167619883638784,19166,3649
884925521741709313,66833,14925
884876753390489601,24283,4635
884562892145688576,21213,3891
884441805382717440,23768,4774
884247878851493888,62928,16798
884162670584377345,17868,2493
883838122936631299,19069,2847
883482846933004288,40011,8212
883360690899218434,19856,3059
883117836046086144,32336,5508
882992080364220416,20890,3225
882762694511734784,24666,4071
882627270321602560,24504,5037
882268110199369728,39001,9572
882045870035918850,25603,4061
881906580714921986,21353,2836
881666595344535552,44331,8902
881633300179243008,113,8
881536004380872706,43252,13332
881268444196462592,20413,4476
880935762899988482,14985,2325
880872448815771648,18628,3191
880465832366813184,24888,5187
880221127280381952,23562,3443
880095782870896641,24215,3633
879862464715927552,19620,2912
879674319642796034,281,9
879492040517615616,20621,2617
879415818425184262,92394,37218
879376492567855104,14790,2632
879130579576475649,0,5705
879050749262655488,19725,3931
879008229531029506,16705,2230
878776093423087618,17078,3414
878604707211726852,26330,5893
878404777348136964,0,1066
878316110768087041,0,5497
878281511006478336,6750,1068
878057613040115712,36971,5705
877736472329191424,68967,15714
877611172832227328,0,70
877556246731214848,19817,3148
877316821321428993,24031,4318
877201837425926144,23775,4599
876838120628539392,18147,2792
876537666061221889,20982,3958
876484053909872640,16495,1987
876120275196170240,24589,3885
875747767867523072,22010,3562
875144289856114688,19348,4130
875097192612077568,24148,5091
875021211251597312,22469,3952
874680097055178752,24497,3902
874434818259525634,0,12149
874296783580663808,22860,3465
874057562936811520,20034,3365
874012996292530176,30001,8540
873580283840344065,21296,3331
873337748698140672,0,1324
873213775632977920,6294,1324
872967104147763200,23959,4543
872820683541237760,13010,3156
872620804844003328,18255,3055
872486979161796608,35951,7678
872122724285648897,30056,6796
871879754684805121,32937,9199
871762521631449091,17800,2954
871515927908634625,17837,2924
871166179821445120,0,4874
871102520638267392,18474,4646
871032628920680449,20081,3213
870804317367881728,29688,5264
870726314365509632,105,3
870656317836468226,10841,2189
870374049280663552,73655,22638
870308999962521604,19407,3531
870063196459192321,32277,7046
869772420881756160,37841,8653
869702957897576449,24945,5360
869596645499047938,14119,2625
869227993411051520,18051,3180
868880397819494401,57703,12186
868639477480148993,0,1737
868622495443632128,23550,4440
868552278524837888,8919,1737
867900495410671616,21505,3553
867774946302451713,30113,6225
867421006826221569,14286,2109
867072653475098625,0,100
867051520902168576,28569,6752
866720684873056260,17784,4112
866686824827068416,17048,2951
866450705531457537,108343,30028
866334964761202691,46382,12149
866094527597207552,0,7128
865718153858494464,22835,4809
865359393868664832,23492,4267
865006731092295680,24942,6626
864873206498414592,28723,7469
864279568663928832,13020,2568
864197398364647424,26520,7544
863907417377173506,18356,3573
863553081350529029,13617,3610
863471782782697472,0,2081
863432100342583297,21210,4539
863427515083354112,1956,80
863079547188785154,7872,948
863062471531167744,7492,2081
862831371563274240,17164,4440
862722525377298433,15270,3069
862457590147678208,18193,4227
862096992088072192,65997,19883
861383897657036800,32143,9220
861288531465048066,15290,3571
861005113778896900,14929,3318
860981674716409858,0,1846
860924035999428608,0,674
860563773140209665,6698,1846
860524505164394496,21174,4580
860276583193509888,16514,3055
860184849394610176,14949,5101
860177593139703809,0,26581
859924526012018688,17551,3567
859851578198683649,13932,3056
859607811541651456,16769,1359
859196978902773760,80219,26148
859074603037188101,30275,11911
858860390427611136,0,7037
858843525470990336,14069,3016
858471635011153920,19401,4236
858107933456039936,14173,2529
857989990357356544,14437,2257
857746408056729600,30683,9306
857393404942143489,5290,1436
857263160327368704,18191,3954
857214891891077121,204,16
857062103051644929,0,146
857029823797047296,16992,3470
856543823941562368,14780,2534
856526610513747968,10791,1649
856288084350160898,489,15
856282028240666624,25144,5557
855862651834028034,302,21
855860136149123072,4391,850
855857698524602368,10823,1853
855851453814013952,41793,16071
855818117272018944,24203,4793
855459453768019968,27000,7276
855245323840757760,0,5241
855138241867124737,0,36
854732716440526848,20589,5321
854482394044301312,26471,5992
854365224396361728,17135,4131
854120357044912130,29130,6569
854010172552949760,14787,2782
853760880890318849,25990,5101
853639147608842240,31405,8825
853299958564483072,14112,3158
852936405516943360,0,1782
852912242202992640,8219,1591
852672615818899456,13597,1901
852553447878664193,14834,3097
852311364735569921,30261,8835
852226086759018497,18293,6066
852189679701164033,10546,1413
851591660324737024,14910,3115
851464819735769094,22199,6285
851224888060895234,18968,5152
850753642995093505,28020,8043
850380195714523136,12026,2323
850333567704068097,3181,301
850145622816686080,14996,3381
850019790995546112,18708,4351
849776966551130114,27828,6790
849668094696017920,0,4428
849412302885593088,14625,2817
849336543269576704,10525,1681
849051919805034497,38843,7594
848690551926992896,23183,3911
848324959059550208,22759,4136
848213670039564288,7521,644
848212111729840128,14987,2710
847978865427394560,0,2910
847971574464610304,0,394
847962785489326080,21672,4555
847842811428974592,4993,1186
847617282490613760,6449,376
847606175596138505,17299,3073
847251039262605312,18894,3901
847157206088847362,18324,5240
847116187444137987,19820,2867
846874817362120707,18559,3537
846514051647705089,41040,10333
846505985330044928,13030,2752
846153765933735936,28978,8140
846139713627017216,28717,9136
846042936437604353,14761,2579
845812042753855489,26927,7836
845677943972139009,23368,4369
845397057150107648,7066,1615
845306882940190720,21544,4838
845098359547420673,0,6912
844979544864018432,12640,2304
844973813909606400,13884,2839
844580511645339650,15245,2801
844223788422217728,12663,1984
843981021012017153,14064,2693
843856843873095681,19889,4157
843604394117681152,15634,2473
843235543001513987,19892,5380
842846295480000512,14174,3306
842765311967449089,6278,1174
842535590457499648,16864,3163
842163532590374912,22650,5241
842115215311396866,12989,2750
841833993020538882,0,13511
841680585030541313,23970,7129
841439858740625411,11693,3300
841320156043304961,18353,5007
841314665196081154,14690,4220
841077006473256960,21284,4874
840761248237133825,0,1617
840728873075638272,0,14553
840698636975636481,163,2
840696689258311684,11441,889
840632337062862849,8394,1617
840370681858686976,15303,4169
840268004936019968,17831,5196
839990271299457024,12500,2063
839549326359670784,25495,7037
839290600511926273,0,132
839239871831150596,25150,5909
838952994649550848,18310,3652
838921590096166913,10388,1851
838916489579200512,0,31
838831947270979586,0,9988
838561493054533637,10212,1228
838476387338051585,20902,4327
838201503651401729,0,9144
838150277551247360,1562,300
838085839343206401,134,1
838083903487373313,16413,2829
837820167694528512,31739,7128
837482249356513284,3594,405
837471256429613056,11945,2057
837110210464448512,15035,2173
836989968035819520,11912,2107
836753516572119041,18062,4249
836677758902222849,11814,2018
836648853927522308,0,505
836397794269200385,0,24974
836380477523124226,13865,2744
836260088725786625,19875,3966
836001077879255040,17818,3875
835685285446955009,0,7395
835574547218894849,16593,3287
835536468978302976,0,1537
835309094223372289,0,19082
835297930240217089,15391,2733
835264098648616962,7202,1537
835246439529840640,1985,63
835172783151792128,24503,5283
835152434251116546,20890,2754
834931633769889797,10065,1485
834786237630337024,20163,5097
834574053763584002,12766,2301
834477809192075265,0,9734
834458053273591808,9007,1543
834209720923721728,19181,4313
834167344700198914,14802,3351
834089966724603904,9410,1960
834086379323871233,12196,2036
833863086058651648,12585,2200
833826103416520705,17028,3481
833732339549220864,0,203
833479644947025920,13952,1879
833124694597443584,18931,4428
832998151111966721,12384,2004
832769181346996225,0,38
832757312314028032,15793,3312
832682457690300417,11100,2657
832645525019123713,2720,483
832636094638288896,14840,2551
832397543355072512,11209,2034
832369877331693569,16025,2910
832273440279240704,10619,2137
832215909146226688,0,5691
832215726631055365,0,8552
832088576586297345,58,2
832040443403784192,0,8783
832032802820481025,16714,4288
831939777352105988,22409,5639
831926988323639298,319,34
831911600680497154,25746,5949
831670449226514432,9757,1683
831650051525054464,6657,1782
831552930092285952,8430,2151
831322785565769729,8726,1435
831315979191906304,6155,1036
831309418084069378,11052,2255
831262627380748289,11106,1882
830956169170665475,7474,1373
830583320585068544,62114,15348
830173239259324417,0,5220
830097400375152640,9118,2681
829878982036299777,0,4583
829861396166877184,11477,1786
829501995190984704,29775,9734
829449946868879360,9836,1853
829141528400556032,22827,6739
829011960981237760,50105,15038
828801551087042563,0,3149
828770345708580865,23990,5376
828708714936930305,34089,10273
828650029636317184,8916,1232
828409743546925057,6015,1075
828408677031882754,7223,1182
828381636999917570,11799,2053
828376505180889089,6964,990
828372645993398273,11829,2716
828361771580813312,2058,165
828046555563323392,11017,2644
828011680017821696,9739,1981
827933404142436356,18762,4804
827653905312006145,14540,2787
827600520311402496,7034,863
827324948884643840,14888,2795
827199976799354881,9963,2050
826958653328592898,20238,4584
826848821049180160,33906,9297
826615380357632002,0,3663
826598799820865537,4831,229
826598365270007810,9400,2172
826476773533745153,17300,3878
826240494070030336,12485,2408
826204788643753985,4578,852
826115272272650244,14684,2849
825876512159186944,9890,1731
825829644528148480,11977,2321
825535076884762624,53743,16287
825147591692263424,17184,4162
825120256414846976,0,1163
825026590719483904,5881,1163
824796380199809024,0,5072
824775126675836928,14004,3257
824663926340194305,9907,1633
824325613288833024,11125,9842
824297048279236611,14165,3550
824025158776213504,4563,557
823939628516474880,10028,2522
823719002937630720,0,10301
823699002998870016,13151,2328
823581115634085888,12208,2433
823333489516937216,660,22
823322678127919110,14765,3697
823269594223824897,0,9175
822975315408461824,16309,3185
822872901745569793,123544,39705
822859134160621569,12401,2103
822647212903690241,0,5930
822610361945911296,13912,2718
822489057087389700,17024,5929
822462944365645825,26186,13067
822244816520155136,32976,9175
822163064745328640,0,4349
821886076407029760,10627,2128
821813639212650496,0,3108
821765923262631936,7885,1553
821522889702862852,7535,1625
821421320206483457,0,5099
821407182352777218,11053,3974
821153421864615936,233,8
821149554670182400,8081,1818
821107785811234820,9023,1961
821044531881721856,11878,2110
820837357901512704,0,6204
820749716845686786,29693,9144
820690176645140481,11550,2987
820494788566847489,0,521
820446719150292993,0,2382
820314633777061888,3150,521
820078625395449857,18540,5757
820013781606658049,0,1077
819952236453363712,5003,1077
819924195358416896,12189,4519
819711362133872643,12561,2848
819588359383371776,9115,1863
819347104292290561,6805,1115
819238181065359361,2129,376
819227688460238848,21696,6204
819015337530290176,0,34374
819015331746349057,0,17707
819006400881917954,42837,17707
819004803107983360,82321,34375
818646164899774465,0,19341
818627210458333184,21142,7028
818614493328580609,9265,2343
818588835076603904,0,5662
818536468981415936,10213,2261
818307523543449600,0,7412
818259473185828864,10355,2070
818145370475810820,11564,2357
817908911860748288,4588,736
817827839487737858,48361,24974
817777686764523521,10183,2512
817536400337801217,11065,2714
817502432452313088,0,3127
817423860136083457,31693,13511
817415592588222464,5275,884
817181837579653120,0,7823
817171292965273600,8267,1856
817120970343411712,11497,2402
817056546584727552,8095,1509
816829038950027264,0,4370
816816676327063552,9439,1882
816697700272001025,9199,2041
816450570814898180,28537,7412
816336735214911488,8142,1793
816091915477250048,8455,1976
816062466425819140,0,941
816014286006976512,0,4854
815990720817401858,4673,941
815966073409433600,21043,7823
815745968457060357,0,3840
815736392542261248,9267,2106
815639385530101762,7786,1547
815390420867969024,9773,3547
814986499976527872,7234,1183
814638523311648768,10650,2513
814578408554463233,0,5432
814530161257443328,8182,1731
814153002265309185,27119,8063
813944609378369540,0,2940
813910438903693312,8826,1724
813812741911748608,34445,12981
813800681631023104,7853,1638
813217897535406080,17601,6814
813202720496779264,8737,1699
813187593374461952,18739,4027
813172488309972993,8767,1797
813157409116065792,7351,2058
813142292504645637,8051,2234
813130366689148928,4249,417
813127251579564032,11163,2908
813112105746448384,9763,2551
813096984823349248,9991,3362
813081950185472002,9389,2581
813066809284972545,7518,1821
813051746834595840,19846,6811
812781120811126785,7121,1781
812709060537683968,6270,1347
812503143955202048,5717,1145
812466873996607488,7549,1795
812372279581671427,12877,3406
811985624773361665,6882,1304
811744202451197953,7127,1465
811647686436880384,5295,679
811627233043480576,12016,2831
811386762094317568,19767,5947
810984652412424192,5035,1323
810896069567610880,8487,1637
810657578271330305,10383,2456
810284430598270976,33154,10451
810254108431155201,13912,3149
809920764300447744,14717,3663
809808892968534016,0,4551
809448704142938112,6583,1360
809220051211603969,18791,5220
809084759137812480,12507,3276
808838249661788160,9613,2853
808733504066486276,7464,2027
808501579447930884,10708,2444
808344865868283904,40000,19341
808134635716833280,0,5483
808106460588765185,8359,2058
808001312164028416,11797,3288
807621403335917568,13788,3367
807106840509214720,110996,51347
807059379405148160,0,6856
807010152071229440,12419,3612
806629075125202948,70259,32181
806620845233815552,0,5122
806576416489959424,4650,1818
806542213899489280,9696,2207
806242860592926720,0,10811
806219024703037440,6113,1129
805958939288408065,0,4980
805932879469572096,7851,1792
805826884734976000,6211,1710
805823200554876929,0,7420
805520635690676224,5458,1544
805487436403003392,8306,2365
805207613751304193,7448,1620
804738756058218496,12922,3585
804475857670639616,5818,1880
804413760345620481,0,2996
804026241225523202,41878,14949
803773340896923648,9496,2572
803692223237865472,0,6883
803638050916102144,10334,3868
803380650405482500,7356,1760
803321560782307329,0,4937
803276597545603072,9488,2287
802952499103731712,8540,1864
802624713319034886,0,2714
802600418706604034,6738,1375
802572683846291456,8484,2343
802323869084381190,15278,5449
802265048156610565,6592,1285
802239329049477120,8616,2443
802185808107208704,0,250
801958328846974976,7338,1591
801854953262350336,1718,218
801538201127157760,7785,1945
801285448605831168,5713,770
801167903437357056,23072,5483
801127390143516673,0,3686
801115127852503040,7650,1978
800859414831898624,644,90
800855607700029440,0,1511
800751577355128832,10056,2610
800513324630806528,12440,2811
800459316964663297,9003,2051
800443802682937345,0,4003
800388270626521089,10556,2621
800188575492947969,0,3676
800141422401830912,14442,2382
800018252395122689,26741,12244
799774291445383169,0,4345
799757965289017345,7939,1995
799422933579902976,7659,1791
799308762079035393,0,5053
799297110730567681,9348,2546
799063482566066176,7663,2332
798933969379225600,12365,4133
798925684722855936,7135,1352
798705661114773508,0,6178
798701998996647937,0,7192
798697898615730177,0,6057
798694562394996736,0,4621
798686750113755136,0,2170
798682547630837760,0,4410
798673117451325440,0,5198
798665375516884993,0,3661
798644042770751489,0,1734
798628517273620480,0,1856
798585098161549313,0,5245
798576900688019456,0,5452
798340744599797760,0,3127
798209839306514432,9883,2416
797971864723324932,10893,2878
797545162159308800,13825,4596
797236660651966464,18844,6118
797165961484890113,211,24
796904159865868288,0,8315
796865951799083009,7280,1824
796759840936919040,11159,2816
796563435802726400,0,6699
796484825502875648,7153,1643
796387464403357696,10407,3868
796177847564038144,0,13303
796149749086875649,30368,13303
796125600683540480,4714,1679
796116448414461957,8600,2239
796080075804475393,7992,2155
796031486298386433,10223,3486
795464331001561088,46548,21837
795400264262053889,9461,2669
795076730285391872,15289,5072
794983741416415232,0,3142
794926597468000259,9640,2149
794355576146903043,0,9613
794332329137291264,9091,2524
794205286408003585,8740,3102
793962221541933056,15843,4551
793845145112371200,8736,1736
793614319594401792,0,2911
793601777308463104,7552,1509
793500921481273345,10075,2218
793286476301799424,23255,8552
793271401113350145,8217,2234
793256262322548741,18844,7750
793241302385262592,9939,3059
793226087023144960,9243,2701
793210959003287553,8439,2594
793195938047070209,14383,5247
793180763617361921,6525,1851
793165685325201412,8866,2616
793150605191548928,5826,1587
793135492858580992,6050,2342
793120401413079041,11966,3659
792913359805018113,13520,3692
792883833364439040,10654,3984
792773781206999040,6976,1566
792394556390137856,12655,3995
792050063153438720,6761,1661
791821351946420224,0,19599
791784077045166082,0,8833
791780927877898241,0,3542
791774931465953280,42562,20649
791672322847637504,11101,2911
791406955684368384,12442,3840
791312159183634433,8289,2356
791026214425268224,0,3785
790987426131050500,9270,1979
790946055508652032,15807,4370
790723298204217344,0,2137
790698755171364864,7771,1793
790581949425475584,19461,6609
790337589677002753,7395,1761
790277117346975746,11844,2940
790227638568808452,0,3290
789986466051088384,8769,2137
789960241177853952,0,3805
789903600034189313,9748,3866
789628658055020548,7054,1632
789599242079838210,6360,1783
789530877013393408,11039,3142
789314372632018944,8169,2124
789280767834746880,0,4567
789268448748703744,8621,2431
789137962068021249,9195,2596
788908386943430656,25965,11654
788765914992902144,25795,9613
788552643979468800,0,6624
788412144018661376,14652,4900
788178268662984705,6866,1966
788150585577050112,5775,1194
788070120937619456,0,3198
788039637453406209,5768,1216
787810552592695296,8114,2828
787717603741622272,9673,2574
787397959788929025,10290,2650
787322443945877504,7360,1619
787111942498508800,0,6263
786963064373534720,25156,7395
786729988674449408,0,2263
786709082849828864,17298,5691
786664955043049472,10005,2356
786595970293370880,8933,2896
786363235746385920,10235,3203
786286427768250368,7529,2633
786233965241827333,14336,4349
786051337297522688,1349,145
786036967502913536,0,6468
785927819176054784,10759,2970
785872687017132033,6316,1663
785639753186217984,7419,2096
785533386513321988,8540,1830
785515384317313025,5759,1155
785264754247995392,6866,1509
785170936622350336,11318,4470
784826020293709826,9540,2996
784517518371221505,8464,2353
784431430411685888,5426,1178
784183165795655680,18856,7420
784057939640352768,27961,10301
783839966405230592,28256,9988
783821107061198850,6937,1817
783695101801398276,9821,2975
783466772167098368,7929,2072
783391753726550016,15925,5061
783347506784731136,0,5124
783334639985389568,27358,10811
783085703974514689,7699,2014
782969140009107456,22719,6856
782747134529531904,7049,1310
782722598790725632,16213,4980
782598640137187329,7356,1763
782305867769217024,15646,5099
782021823840026624,0,5694
781955203444699136,10518,3122
781661882474196992,9831,2506
781655249211752448,3752,1046
781524693396357120,19493,5122
781308096455073793,6706,2372
781251288990355457,7884,1918
781163403222056960,9236,2571
780931614150983680,20412,6699
780858289093574656,6770,1853
780800785462489090,5172,1193
780601303617732608,11376,3108
780543529827336192,5925,1622
780496263422808064,0,3402
780476555013349377,0,103
780459368902959104,4973,998
780192070812196864,8182,2072
780092040432480260,0,2118
780074436359819264,11375,4549
779834332596887552,17666,6468
779377524342161408,8215,2871
779124354206535695,0,16920
779056095788752897,13835,4189
778990705243029504,18669,6621
778774459159379968,0,9101
778764940568104960,818,337
778748913645780993,6427,1202
778650543019483137,5398,1383
778624900596654080,4328,937
778408200802557953,12806,3987
778396591732486144,0,11275
778383385161035776,5486,1016
778286810187399168,9698,3046
778039087836069888,7948,2447
778027034220126208,6170,1485
777953400541634568,0,3249
777885040357281792,5968,1511
777684233540206592,10566,2714
777641927919427584,0,3897
777621514455814149,8174,2327
777189768882946048,13256,3965
776819012571455488,0,12507
776813020089548800,4596,1109
776477788987613185,8206,2544
776249906839351296,0,8406
776218204058357768,27962,14619
776201521193218049,8990,2325
776113305656188928,11063,4003
776088319444877312,1707,141
775898661951791106,0,15438
775842724423557120,10991,2450
775733305207554048,13014,3686
775729183532220416,12229,4260
775364825476165632,6919,2699
775350846108426240,9521,3611
775085132600442880,14567,4345
774757898236878852,8102,1645
774639387460112384,6339,1606
774314403806253056,20448,5053
773985732834758656,10110,3567
773922284943896577,6037,1614
773704687002451968,6209,1487
773670353721753600,5034,1219
773547596996571136,20739,5662
773336787167145985,0,4640
773308824254029826,21890,6912
773247561583001600,8846,2989
773191612633579521,9343,3781
772877495989305348,8017,3565
772826264096874500,7548,2197
772615324260794368,0,3097
772581559778025472,6071,1575
772193107915964416,5650,1283
772152991789019136,3574,1048
772117678702071809,3534,684
772114945936949249,2572,440
772102971039580160,3758,858
771908950375665664,6155,1746
771770456517009408,11235,3127
771500966810099713,7743,2407
771380798096281600,9872,4640
771171053431250945,0,6854
771136648247640064,8566,2696
771102124360998913,5840,1324
771014301343748096,6458,1533
770787852854652928,4599,1097
770772759874076672,4869,1317
770655142660169732,6893,1659
770414278348247044,5913,1918
770293558247038976,5828,1346
770093767776997377,0,2797
770069151037685760,7111,2115
769940425801170949,29154,8783
769695466921623552,6016,1553
769335591808995329,0,7099
769212283578875904,5059,1589
768970937022709760,13324,5969
768909767477751808,0,2425
768855141948723200,3917,818
768609597686943744,3839,1091
768596291618299904,4717,1184
768554158521745409,0,5360
768473857036525572,12725,3146
768193404517830656,10141,3249
767884188863397888,4449,1261
767754930266464257,14918,4937
767500508068192258,7014,2135
767191397493538821,11483,3449
767122157629476866,9513,2627
766793450729734144,4720,1247
766714921925144576,2456,345
766693177336135680,3778,727
766423258543644672,5611,1446
766313316352462849,6323,1722
766078092750233600,0,2408
766069199026450432,3925,768
766008592277377025,3522,456
765719909049503744,6775,1981
765669560888528897,4833,1127
765395769549590528,25023,3094
765371061932261376,6648,1991
765222098633691136,10875,3097
764857477905154048,6048,1641
764259802650378240,5613,1383
763956972077010945,730,49
763837565564780549,11709,3785
763183847194451968,5043,1348
763167063695355904,0,2738
763103485927849985,6892,2106
762699858130116608,11312,3290
762471784394268675,10482,5874
762464539388485633,9609,3805
762316489655476224,4491,1026
762035686371364864,29693,14212
761976711479193600,5024,1813
761750502866649088,0,3568
761745352076779520,4005,789
761672994376806400,46082,26581
761599872357261312,3869,1094
761371037149827077,0,16561
761334018830917632,4811,1332
761292947749015552,4171,996
761227390836215808,4979,1436
761004547850530816,10604,3198
760893934457552897,3561,885
760656994973933572,6155,1738
760641137271070720,4652,1183
760539183865880579,7052,3318
760521673607086080,3910,1276
760290219849637889,24985,10515
760252756032651264,3690,794
760190180481531904,5330,1641
760153949710192640,0,29
759943073749200896,5512,1922
759846353224826880,6263,1790
759793422261743616,5562,1756
759557299618865152,4380,1098
759447681597108224,7905,2263
759446261539934208,1558,453
759197388317847553,5682,1797
759159934323924993,0,1064
759099523532779520,13561,3798
759047813560868866,6049,1839
758854675097526272,3311,837
758828659922702336,10434,3536
758740312047005698,5356,1494
758474966123810816,3545,911
758467244762497024,4465,2023
758405701903519748,4850,1752
758355060040593408,3138,956
758099635764359168,17625,9101
758041019896193024,2519,338
757741869644341248,6384,3011
757729163776290825,0,7168
757725642876129280,4238,1108
757611664640446465,4276,1004
757597904299253760,0,277
757596066325864448,4058,953
757400162377592832,14087,6284
757393109802180609,5424,1574
757354760399941633,4190,1296
756998049151549440,5847,1825
756939218950160384,6180,1830
756651752796094464,4688,1190
756526248105566208,9675,3286
756303284449767430,3670,1001
756288534030475264,41039,16233
756275833623502848,5954,1401
755955933503782912,6805,2611
755206590534418437,15248,4883
755110668769038337,19646,10139
754874841593970688,0,7206
754856583969079297,6421,2305
754747087846248448,2404,476
754482103782404096,4913,1784
754449512966619136,3492,669
754120377874386944,7353,2154
753655901052166144,5432,1983
753420520834629632,7302,3223
753398408988139520,5332,1720
753375668877008896,7113,2118
753298634498793472,0,5180
753026973505581056,3638,873
752932432744185856,11708,6263
752917284578922496,6482,1436
752701944171524096,0,2601
752682090207055872,5576,1450
752660715232722944,4059,1416
752568224206688256,5096,2076
752519690950500352,6817,3140
752334515931054080,3582,1005
752309394570878976,0,14846
752173152931807232,5520,1663
751950017322246144,2840,829
751937170840121344,4815,1191
751830394383790080,5415,1774
751793661361422336,5374,2601
751598357617971201,7383,2815
751583847268179968,4090,1001
751538714308972544,4692,1143
751456908746354688,2999,918
751251247299190784,11694,5366
751205363882532864,5880,1658
751132876104687617,4708,1178
750868782890057730,4433,1239
750719632563142656,12206,4567
750506206503038976,4121,1043
750429297815552001,12238,3897
750383411068534784,4253,1038
750381685133418496,666,26
750147208377409536,2900,873
750132105863102464,3352,1172
750117059602808832,4034,1204
750101899009982464,2831,771
750086836815486976,2018,490
750071704093859840,7223,3016
750056684286914561,2945,815
750041628174217216,2947,563
750026558547456000,2519,716
750011400160841729,2994,819
749996283729883136,2818,754
749981277374128128,4766,2265
749774190421639168,4336,1203
749417653287129088,5652,1504
749403093750648834,2428,489
749395845976588288,7930,3137
749317047558017024,5080,2036
749075273010798592,5341,1873
749064354620928000,4487,1400
749036806121881602,2871,727
748977405889503236,9988,3117
748932637671223296,5390,2052
748705597323898880,2576,870
748699167502000129,4391,1452
748692773788876800,3945,1222
748575535303884801,5612,1794
748568946752774144,2034,604
748346686624440324,4830,1118
748337862848962560,7016,3717
748324050481647620,3438,687
748307329658011649,3429,652
748220828303695873,13103,7077
747963614829678593,5360,1947
747933425676525569,6152,2339
747885874273214464,2710,874
747844099428986880,2613,672
747816857231626240,4488,1052
747651430853525504,1271,143
747648653817413632,11906,5296
747600769478692864,2161,520
747594051852075008,3411,944
747512671126323200,5100,1471
747461612269887489,3576,937
747439450712596480,5023,1746
747242308580548608,0,2616
747219827526344708,4872,1431
747204161125646336,3117,828
747103485104099331,8860,3607
746906459439529985,2710,269
746872823977771008,5547,1934
746818907684614144,4935,1590
746790600704425984,4508,1455
746757706116112384,8800,3542
746726898085036033,5616,1632
746542875601690625,4672,1738
746521445350707200,0,898
746507379341139972,4332,987
746369468511756288,5737,1480
746131877086527488,6364,1990
746056683365994496,3313,737
745789745784041472,3652,961
745712589599014916,6477,2114
745433870967832576,6514,2297
745422732645535745,7923,2188
745314880350101504,6578,2465
745074613265149952,7239,3169
745057283344719872,6735,2043
744995568523612160,2731,566
744971049620602880,7265,2430
744709971296780288,5203,1429
744334592493166593,6320,1921
744234799360020481,144078,70226
744223424764059648,1527,323
743980027717509120,3883,999
743895849529389061,3390,875
743835915802583040,0,1858
743609206067040256,4149,1265
743595368194129920,16883,5923
743545585370791937,3264,857
743510151680958465,7381,3405
743253157753532416,3916,1113
743222593470234624,5716,1726
743210557239623680,3550,1233
742534281772302336,6533,3264
742528092657332225,4086,1790
742465774154047488,6716,3580
742423170473463808,9060,3402
742385895052087300,6266,1767
742161199639494656,3984,1239
742150209887731712,4689,1390
741793263812808706,4207,1380
741743634094141440,7531,2485
741438259667034112,3401,741
741303864243200000,8092,2903
741099773336379392,9180,4996
741067306818797568,8827,2797
740995100998766593,5805,2454
740711788199743490,3137,858
740699697422163968,2645,705
740676976021798912,16749,6178
740373189193256964,32395,12081
740365076218183684,2238,384
740359016048689152,3039,794
740214038584557568,6162,1776
739979191639244800,18433,5360
739932936087216128,3738,979
739844404073074688,3510,785
739623569819336705,3490,1233
739606147276148736,4966,1486
739544079319588864,36300,19164
739485634323156992,6574,2629
739238157791694849,106672,52559
738891149612572673,89,6
738885046782832640,3497,1040
738883359779196928,3034,718
738537504001953792,4683,1391
738402415918125056,2996,737
738184450748633089,3952,1104
738166403467907072,8038,3022
738156290900254721,2272,579
737826014890496000,4812,1600
737800304142471168,9222,3158
737678689543020544,4619,1190
737445876994609152,9405,4036
737322739594330112,3312,728
737310737551491075,13465,6713
736736130620620800,3861,1534
736392552031657984,16276,6624
736365877722001409,3648,1109
736225175608430592,7464,2529
736010884653420544,7217,2693
735991953473572864,3283,1030
735648611367784448,3723,1005
735635087207878657,5637,2135
735274964362878976,12007,4526
735256018284875776,3052,801
735137028879360001,2871,874
734912297295085568,2537,471
734787690684657664,11508,5733
734776360183431168,2309,486
734559631394082816,1371,353
733828123016450049,3298,714
733822306246479872,3379,920
733482008106668032,2871,849
733460102733135873,3861,1134
733109485275860992,49162,15438
732732193018155009,2221,481
732726085725589504,3283,792
732585889486888962,3347,712
732375214819057664,7409,2273
732005617171337216,13640,4854
731285275100512256,3213,897
731156023742988288,3537,1139
730924654643314689,5617,1779
730573383004487680,4449,1906
730427201120833536,3194,937
730211855403241472,3481,956
730196704625098752,4429,1699
729854734790754305,3706,1009
729838605770891264,1598,338
729823566028484608,3645,1121
729463711119904772,5303,2082
729113531270991872,1734,287
728986383096946689,2882,734
728760639972315136,4273,1535
728751179681943552,2532,614
728653952833728512,3049,943
728409960103686147,4488,1819
728387165835677696,3415,875
728046963732717569,3922,1079
728035342121635841,4147,1504
728015554473250816,3780,989
727685679342333952,2716,572
727644517743104000,5366,1583
727524757080539137,4093,1078
727314416056803329,3060,670
727286334147182592,2816,743
727175381690781696,3583,1237
727155742655025152,3313,1194
726935089318363137,6278,2196
726887082820554753,3522,1362
726828223124897792,3296,911
726224900189511680,4069,1041
725842289046749185,6508,2408
725786712245440512,3835,1238
725729321944506368,4786,1602
725458796924002305,1298,553
724983749226668032,3428,1164
724771698126512129,2144,566
724405726123311104,4856,1507
724049859469295616,3968,1615
724046343203856385,2451,512
724004602748780546,3826,1388
723912936180330496,3580,1122
723688335806480385,7023,2637
723673163800948736,2785,812
723179728551723008,4854,1684
722974582966214656,3753,1427
722613351520608256,4575,1491
721503162398597120,4210,1637
721001180231503872,2339,550
720785406564900865,2850,697
720775346191278080,2248,564
720415127506415616,3780,1353
720389942216527872,5850,2255
720340705894408192,2620,872
720059472081784833,3547,1015
720043174954147842,4560,1813
719991154352222208,4469,1588
719704490224398336,4171,1290
719551379208073216,4635,1706
719367763014393856,2599,686
719339463458033665,4087,1117
719332531645071360,3176,854
718971898235854848,3198,984
718939241951195136,4793,1578
718631497683582976,17296,7192
718613305783398402,2251,426
718540630683709445,2241,920
718460005985447936,2499,474
718454725339934721,4497,1373
718246886998687744,1756,446
718234618122661888,3559,911
717841801130979328,2268,542
717790033953034240,2630,982
717537687239008257,5298,1656
717428917016076293,1474,405
717421804990701568,2880,753
717047459982213120,5782,1732
717009362452090881,2968,864
716802964044845056,3955,1047
716791146589110272,7730,1455
716730379797970944,1132,395
716447146686459905,11956,5290
716439118184652801,2190,189
716285507865542656,2551,961
716080869887381504,6231,1700
715928423106027520,2923,791
715758151270801409,3409,1282
715733265223708672,4272,1523
715704790270025728,2552,511
715696743237730304,3605,1160
715680795826982913,3959,1438
715360349751484417,5028,1407
715342466308784130,2785,621
715220193576927233,2206,585
715200624753819648,4743,1679
715009755312439296,3808,1104
714982300363173890,3415,929
714962719905021952,6733,3826
714957620017307648,3799,1276
714631576617938945,3009,893
714606013974974464,3332,825
714485234495041536,2446,1007
714258258790387713,2808,666
714251586676113411,3021,757
714214115368108032,2109,796
714141408463036416,3996,1276
713919462244790272,3033,719
713909862279876608,1743,483
713900603437621249,2608,659
713761197720473600,4446,1235
713411074226274305,4084,1183
713177543487135744,6634,2586
713175907180089344,4076,1327
712809025985978368,17486,6057
712717840512598017,11290,4492
712668654853337088,3816,1096
712438159032893441,4896,1411
712309440758808576,220,24
712097430750289920,3448,930
712092745624633345,2702,807
712085617388212225,3007,434
712065007010385924,2071,566
711998809858043904,0,120
711968124745228288,7400,2084
711743778164514816,2610,906
711732680602345472,8059,3681
711694788429553666,30195,16561
711652651650457602,3533,819
711363825979756544,3310,1013
711306686208872448,3042,675
711008018775851008,2736,557
710997087345876993,4199,1257
710844581445812225,2344,609
710833117892898816,2459,476
710658690886586372,2131,512
710609963652087808,4418,2150
710588934686908417,4162,1693
710296729921429505,2194,668
710283270106132480,1990,478
710272297844797440,4136,1137
710269109699739648,2189,1010
710153181850935296,2674,808
710140971284037632,2510,799
710117014656950272,5018,1777
709918798883774466,3222,992
709901256215666688,605,92
709852847387627521,3224,1085
709566166965075968,3246,1070
709556954897764353,3012,973
709519240576036864,1383,219
709449600415961088,2020,517
709409458133323776,2417,616
709225125749587968,2200,520
709207347839836162,11383,5161
709198395643068416,2260,588
709179584944730112,1848,607
709158332880297985,1873,362
709042156699303936,4315,1473
708853462201716736,1667,592
708845821941387268,2735,800
708834316713893888,1549,448
708810915978854401,15190,6238
708738143638450176,2531,737
708711088997666817,2333,637
708479650088034305,2337,616
708469915515297792,2846,729
708400866336894977,14631,9028
708356463048204288,3293,1196
708349470027751425,2183,675
708149363256774660,3979,1411
708130923141795840,3090,782
708119489313951744,2469,896
708109389455101952,1795,500
708026248782585858,4057,1747
707995814724026368,2859,1011
707983188426153984,45,2
707969809498152960,2481,866
707776935007539200,3006,870
707741517457260545,2281,552
707738799544082433,3723,2195
707693576495472641,3111,915
707629649552134146,2351,780
707610948723478529,15548,5694
707420581654872064,2065,630
707411934438625280,2113,542
707387676719185920,3203,1143
707377100785885184,3005,975
707315916783140866,2279,576
707297311098011648,2572,707
707059547140169728,2393,619
707038192327901184,2010,716
707021089608753152,3724,1220
707014260413456384,2108,537
706904523814649856,13390,7099
706901761596989440,1880,520
706681918348251136,3020,888
706644897839910912,2344,981
706593038911545345,1982,580
706538006853918722,3183,1284
706516534877929472,2870,928
706346369204748288,3161,841
706310011488698368,19481,7115
706291001778950144,1566,434
706265994973601792,2511,847
706169069255446529,3575,2000
706166467411222528,4712,1443
706153300320784384,1355,343
705975130514706432,2853,659
705970349788291072,2914,794
705898680587526145,2173,494
705786532653883392,1788,466
705591895322394625,2895,1022
705475953783398401,2730,823
705442520700944385,4049,1455
705428427625635840,3495,1515
705239209544720384,2764,676
705223444686888960,2367,711
705102439679201280,1954,472
705066031337840642,2008,555
704871453724954624,3949,1013
704859558691414016,2065,474
704847917308362754,4686,1361
704819833553219584,2440,894
704761120771465216,6119,2616
704499785726889984,2649,899
704491224099647488,689,71
704480331685040129,3141,977
704364645503647744,7307,3222
704347321748819968,1443,312
704134088924532736,1384,410
704113298707505153,1710,519
704054845121142784,2687,839
703774238772166656,1699,404
703769065844768768,3004,1018
703631701117943808,2357,599
703611486317502464,3529,1377
703425003149250560,3491,1217
703407252292673536,2250,623
703382836347330562,3205,1023
703356393781329922,1759,344
703268521220972544,1823,494
703079050210877440,6796,2794
703041949650034688,24276,11275
702932127499816960,2362,650
702899151802126337,1479,410
702684942141153280,2969,962
702671118226825216,2014,506
702598099714314240,11303,3125
702539513671897089,2633,864
702332542343577600,2925,1382
702321140488925184,3016,948
702276748847800320,2275,694
702217446468493312,4381,1220
701981390485725185,3146,887
701952816642965504,3535,925
701889187134500865,3239,1253
701805642395348998,3108,1503
701601587219795968,1924,415
701570477911896070,2573,837
701545186879471618,2446,549
701214700881756160,11241,4621
700890391244103680,2032,509
700864154249383937,2390,554
700847567345688576,2264,449
700796979434098688,2248,855
700747788515020802,20963,8406
700518061187723268,2387,719
700505138482569216,2099,520
700462010979500032,3778,1622
700167517596164096,2421,652
700151421916807169,2049,606
700143752053182464,6892,2425
700062718104104960,2443,610
700029284593901568,1910,527
700002074055016451,3024,1197
699801817392291840,2768,846
699788877217865730,2052,469
699779630832685056,2498,1102
699775878809702401,1801,537
699691744225525762,9426,4143
699446877801091073,5487,2390
699434518667751424,2019,464
699423671849451520,1247,287
699413908797464576,1926,568
699370870310113280,1745,391
699323444782047232,2887,783
699088579889332224,2077,560
699079609774645248,2253,570
699072405256409088,2707,1074
699060279947165696,3418,1611
699036661657767936,2391,1087
698989035503689728,3070,874
698953797952008193,2476,823
698907974262222848,2332,551
698710712454139905,2260,616
698703483621523456,1320,334
698635131305795584,1197,310
698549713696649216,2146,558
698355670425473025,1699,394
698342080612007937,2071,868
698262614669991936,4386,1789
698195409219559425,15476,5432
698178924120031232,2581,673
697995514407682048,1408,304
697990423684476929,3010,1167
697943111201378304,2194,608
697881462549430272,2773,1053
697630435728322560,1595,496
697616773278015490,2885,919
697596423848730625,2761,1131
697575480820686848,1878,451
697516214579523584,1867,987
697482927769255936,2228,597
697463031882764288,3158,1267
697270446429966336,4338,1710
697259378236399616,3031,899
697255105972801536,2840,1052
697242256848379904,2324,615
696900204696625153,2910,933
696894894812565505,2161,615
696886256886657024,4436,1623
696877980375769088,2255,635
696754882863349760,1367,327
696744641916489729,1888,833
696713835009417216,2169,583
696518437233913856,3621,1561
696490539101908992,1131,127
696488710901260288,2302,925
696405997980676096,2918,1050
696100768806522880,1770,583
695816827381944320,2753,1050
695794761660297217,2914,705
695767669421768709,1705,664
695629776980148225,4181,1888
695446424020918272,4080,1648
695409464418041856,7965,3231
695314793360662529,3320,1293
695095422348574720,2449,548
695074328191332352,2599,987
695064344191721472,1475,527
695051054296211456,2428,715
694925794720792577,2487,817
694905863685980160,2530,832
694669722378485760,32902,13030
694356675654983680,1386,250
694352839993344000,1875,538
694342028726001664,1457,431
694329668942569472,1817,449
694206574471057408,3805,1845
694183373896572928,2699,840
694001791655137281,3130,922
693993230313091072,1728,357
693942351086120961,1617,327
693647888581312512,2471,517
693644216740769793,1264,115
693642232151285760,2344,376
693629975228977152,2255,719
693622659251335168,1415,336
693590843962331137,4646,1774
693582294167244802,1514,222
693486665285931008,1623,563
693280720173801472,3076,1118
693267061318012928,2193,731
693262851218264065,2040,451
693231807727280129,2645,669
693155686491000832,7250,2887
693109034023534592,1556,549
693095443459342336,1695,403
692919143163629568,2494,694
692905862751522816,2230,787
692901601640583168,1610,535
692894228850999298,2075,713
692828166163931137,2652,794
692752401762250755,6266,3292
692568918515392513,4023,1390
692535307825213440,2894,1229
692530551048294401,1693,368
692423280028966913,1368,196
692417313023332352,8625,3127
692187005137076224,2330,743
692158366030913536,1967,717
692142790915014657,1509,353
692041934689402880,3112,1129
692017291282812928,2665,867
691820333922455552,3635,1487
691793053716221953,7469,3815
691756958957883396,2594,883
691675652215414786,1793,459
691483041324204033,2190,499
691459709405118465,3715,1015
691444869282295808,2431,748
691416866452082688,17782,6883
691321916024623104,2372,597
691096613310316544,2751,792
691090071332753408,1604,305
690989312272396288,5430,2608
690959652130045952,3302,1112
690938899477221376,3763,1742
690932576555528194,3017,901
690735892932222976,3484,1147
690728923253055490,1995,465
690690673629138944,2142,743
690649993829576704,1197,246
690607260360429569,279,14
690597161306841088,1779,546
690400367696297985,1739,406
690374419777196032,2962,759
690360449368465409,2441,787
690348396616552449,1363,461
690248561355657216,1536,369
690021994562220032,2573,915
690015576308211712,2294,658
690005060500217858,3373,1533
689999384604450816,1302,328
689993469801164801,1347,404
689977555533848577,1260,406
689905486972461056,2253,619
689877686181715968,2788,1040
689835978131935233,2014,688
689661964914655233,2991,850
689659372465688576,9501,3458
689623661272240129,2036,577
689599056876867584,10720,5003
689557536375177216,1896,402
689517482558820352,3117,1293
689289219123089408,2067,844
689283819090870273,3006,1000
689280876073582592,1819,638
689275259254616065,1049,224
689255633275777024,2339,971
689154315265683456,2854,894
689143371370250240,1861,454
688916208532455424,2491,771
688908934925697024,1938,705
688898160958271489,1917,709
688894073864884227,2055,618
688828561667567616,1274,321
688804835492233216,886,167
688789766343622656,2046,603
688547210804498433,2385,626
688519176466644993,2145,656
688385280030670848,8500,4069
688211956440801280,2069,750
688179443353796608,1976,527
688116655151435777,2606,696
688064179421470721,1592,320
687841446767013888,5006,2243
687826841265172480,2514,1005
687818504314159109,2278,861
687807801670897665,2197,654
687732144991551489,1613,591
687704180304273409,2234,764
687664829264453632,1800,468
687494652870668288,1754,527
687480748861947905,1470,221
687476254459715584,1824,480
687460506001633280,1905,490
687399393394311168,1741,550
687317306314240000,18599,8315
687312378585812992,3995,1725
687127927494963200,4956,2044
687124485711986689,2013,460
687109925361856513,5342,2224
687102708889812993,2166,868
687096057537363968,2072,550
686947101016735744,7965,2898
686760001961103360,3231,1254
686749460672679938,3191,1311
686730991906516992,3789,1087
686683045143953408,2604,728
686618349602762752,3403,1236
686606069955735556,1745,490
686394059078897668,1585,630
686386521809772549,3001,790
686377065986265092,2040,514
686358356425093120,1992,595
686286779679375361,3702,1518
686050296934563840,2064,665
686035780142297088,1058,103
686034024800862208,2829,1033
686007916130873345,2273,362
686003207160610816,1675,562
685973236358713344,1931,476
685943807276412928,1494,532
685906723014619143,6879,2580
685681090388975616,1882,110
685667379192414208,2179,506
685663452032069632,2966,1328
685641971164143616,2680,693
685547936038666240,30248,14062
685532292383666176,2802,1042
685325112850124800,8653,3568
685321586178670592,2435,578
685315239903100929,3017,941
685307451701334016,1917,395
685268753634967552,2828,1070
685198997565345792,2134,588
685169283572338688,3769,1271
684969860808454144,2214,326
684959798585110529,6274,2802
684940049151070208,2954,944
684926975086034944,3206,417
684914660081053696,3210,1320
684902183876321280,1715,462
684880619965411328,1919,722
684830982659280897,32247,19599
684800227459624960,2508,898
684594889858887680,8153,3162
684588130326986752,3799,1273
684567543613382656,2751,1099
684538444857667585,2429,851
684481074559381504,3553,1069
684460069371654144,1811,502
684241637099323392,7458,2936
684225744407494656,1135,183
684222868335505415,3500,1235
684200372118904832,1971,942
684195085588783105,1756,452
684188786104872960,3205,1044
684177701129875456,1860,590
684147889187209216,2730,1363
684122891630342144,1857,425
684097758874210310,3777,1293
683857920510050305,3502,1016
683852578183077888,1786,315
683849932751646720,2398,849
683834909291606017,2403,1017
683828599284170753,2577,969
683773439333797890,3063,1216
683742671509258241,5957,2988
683515932363329536,6768,2601
683498322573824003,2921,872
683481228088049664,2438,901
683462770029932544,2235,619
683449695444799489,3569,1452
683391852557561860,7024,2170
683357973142474752,2657,821
683142553609318400,2640,929
683111407806746624,3131,814
683098815881154561,1988,587
683078886620553216,1851,516
683030066213818368,1994,665
682962037429899265,33629,14798
682808988178739200,1622,154
682788441537560576,2277,1015
682750546109968385,1396,397
682697186228989953,1209,332
682662431982772225,2806,984
682638830361513985,1899,533
682429480204398592,3168,1041
682406705142087680,6943,1582
682393905736888321,2059,594
682389078323662849,1534,422
682303737705140231,2809,880
682259524040966145,3793,1075
682242692827447297,2957,1035
682088079302213632,16719,8833
682059653698686977,4525,1522
682047327939461121,2942,844
682032003584274432,6037,1785
682003177596559360,2845,1364
681981167097122816,2589,915
681891461017812993,2266,743
681694085539872773,11775,3676
681679526984871937,1627,399
681654059175129088,2411,819
681610798867845120,1726,415
681579835668455424,3239,1173
681523177663676416,13117,5180
681340665377193984,1514,246
681339448655802368,8535,3689
681320187870711809,2403,671
681302363064414209,3588,1617
681297372102656000,2947,850
681281657291280384,2955,991
681261549936340994,1329,235
681242418453299201,1353,469
681231109724700672,2227,434
681193455364796417,3401,1332
680970795137544192,2202,582
680959110691590145,4191,1814
680940246314430465,2917,933
680934982542561280,1905,391
680913438424612864,2203,562
680889648562991104,1603,323
680836378243002368,3171,1180
680805554198020098,1968,607
680801747103793152,2180,739
680798457301471234,2593,937
680609293079592961,2404,622
680583894916304897,3290,1185
680497766108381184,3870,1726
680494726643068929,1566,438
680473011644985345,2338,666
680440374763077632,1318,438
680221482581123072,1354,259
680206703334408192,2573,1039
680191257256136705,1968,440
680176173301628928,3544,1389
680161097740095489,2131,668
680145970311643136,3298,1553
680130881361686529,2106,852
680115823365742593,2486,821
680100725817409536,3289,1242
680085611152338944,11691,8108
680070545539371008,2378,771
679877062409191424,1782,574
679872969355714560,2007,594
679862121895714818,2240,553
679854723806179328,2603,1094
679844490799091713,2179,684
679828447187857408,32999,12507
679777920601223168,2846,990
679736210798047232,1903,713
679729593985699840,1984,745
679722016581222400,1532,424
679530280114372609,4349,1875
679527802031484928,2416,646
679511351870550016,3059,1141
679503373272485890,2896,1327
679475951516934144,1912,576
679462823135686656,29264,16920
679405845277462528,2151,1069
679158373988876288,19333,7206
679148763231985668,2544,919
679132435750195208,2687,1033
679111216690831360,5403,2298
679062614270468097,15429,7168
679047485189439488,2050,584
679001094530465792,2585,1090
678991772295516161,2059,1012
678969228704284672,1497,407
678800283649069056,2351,816
678798276842360832,3157,1019
678774928607469569,2564,815
678767140346941444,3209,1220
678764513869611008,1476,412
678755239630127104,6457,2914
678740035362037760,3384,1482
678708137298427904,5109,2174
678675843183484930,2594,1309
678643457146150913,1871,359
678446151570427904,3645,1367
678424312106393600,4981,2258
678410210315247616,3813,1601
678399652199309312,73143,28438
678396796259975168,1450,372
678389028614488064,1708,379
678380236862578688,2221,820
678341075375947776,1568,471
678334497360859136,1178,222
678278586130948096,10373,5463
678255464182861824,1446,326
678023323247357953,1737,340
678021115718029313,12310,5598
677961670166224897,3125,1520
677918531514703872,1214,363
677895101218201600,4374,1835
677716515794329600,2779,873
677700003327029250,3099,1282
677698403548192770,1117,286
677687604918272002,2247,750
677673981332312066,3024,1340
677662372920729601,1768,839
677644091929329666,1704,725
677573743309385728,1929,597
677565715327688705,1188,409
677557565589463040,2209,1010
677547928504967168,6292,3282
677530072887205888,963,204
677335745548390400,2752,1543
677334615166730240,1222,249
677331501395156992,985,207
677328882937298944,3324,1337
677314812125323265,1493,468
677301033169788928,1107,354
677269281705472000,1790,634
677228873407442944,3198,1457
677187300187611136,2477,806
676975532580409345,2516,947
676957860086095872,2017,719
676949632774234114,1179,348
676948236477857792,1946,771
676946864479084545,1573,326
676942428000112642,1868,665
676936541936185344,11566,4410
676916996760600576,2682,1609
676897532954456065,2048,646
676864501615042560,1882,621
676821958043033607,20630,13706
676819651066732545,1653,598
676811746707918848,1302,378
676776431406465024,4503,1794
676617503762681856,2608,852
676613908052996102,984,175
676606785097199616,1719,386
676603393314578432,1036,338
676593408224403456,4112,1882
676590572941893632,838,110
676588346097852417,2076,694
676582956622721024,1070,251
676575501977128964,2321,983
676533798876651520,1694,487
676496375194980353,1371,468
676470639084101634,10534,4159
676440007570247681,1560,587
676430933382295552,1261,302
676263575653122048,1885,483
676237365392908289,1086,248
676219687039057920,70599,27615
676215927814406144,1568,516
676191832485810177,2049,914
676146341966438401,1746,584
676121918416756736,1954,1023
676101918813499392,2575,1047
676098748976615425,2671,1244
676089483918516224,1178,389
675898130735476737,1439,505
675891555769696257,1917,760
675888385639251968,2111,836
675878199931371520,3777,1235
675870721063669760,1462,496
675853064436391936,2417,1132
675849018447167488,862,123
675845657354215424,2038,773
675822767435051008,1383,474
675820929667219457,954,206
675798442703122432,9291,3037
675781562965868544,1452,418
675740360753160193,1055,295
675710890956750848,1681,716
675707330206547968,1783,596
675706639471788032,583,85
675534494439489536,1661,361
675531475945709568,1062,329
675522403582218240,938,249
675517828909424640,1146,406
675501075957489664,15495,5198
675497103322386432,2814,1129
675489971617296384,1148,526
675483430902214656,1657,852
675432746517426176,1356,500
675372240448454658,1522,452
675362609739206656,939,192
675354435921575936,29358,14846
675349384339542016,3520,1996
675334060156301312,2478,1127
675166823650848770,3163,1379
675153376133427200,5570,2252
675149409102012420,3340,1496
675147105808306176,842,196
675146535592706048,1051,254
675145476954566656,1908,778
675135153782571009,1159,410
675113801096802304,1730,684
675111688094527488,868,213
675109292475830276,2513,995
675047298674663426,924,274
675015141583413248,2407,1032
675006312288268288,873,200
675003128568291329,1387,406
674999807681908736,1988,951
674805413498527744,757,315
674800520222154752,2687,745
674793399141146624,2216,950
674790488185167872,982,216
674788554665512960,718,181
674781762103414784,1801,1042
674774481756377088,979,406
674767892831932416,1621,689
674764817387900928,698,200
674754018082705410,1226,382
674752233200820224,1306,398
674743008475090944,1258,463
674742531037511680,432,44
674739953134403584,966,326
674737130913071104,578,80
674690135443775488,1021,410
674670581682434048,1443,564
674664755118911488,808,203
674646392044941312,1277,428
674644256330530816,925,239
674638615994089473,1512,509
674632714662858753,1336,499
674606911342424069,836,86
674468880899788800,5538,1773
674447403907457024,954,314
674436901579923456,986,343
674422304705744896,1280,463
674416750885273600,610,114
674410619106390016,1066,399
674394782723014656,1331,487
674372068062928900,769,280
674330906434379776,504,65
674318007229923329,1251,449
674307341513269249,10087,6003
674291837063053312,13138,5124
674271431610523648,1393,642
674269164442398721,824,202
674265582246694913,1457,726
674262580978937856,1176,380
674255168825880576,1299,464
674082852460433408,676,144
674075285688614912,885,245
674063288070742018,5702,1904
674053186244734976,2941,1123
674051556661161984,1288,431
674045139690631169,1266,563
674042553264685056,634,109
674038233588723717,975,366
674036086168010753,760,180
674024893172875264,1577,1081
674019345211760640,1011,264
674014384960745472,1384,557
674008982932058114,1084,299
673956914389192708,1743,833
673919437611909120,1054,325
673906403526995968,2837,1427
673887867907739649,836,220
673716320723169284,2773,669
673715861853720576,3150,1804
673711475735838725,937,263
673709992831262724,747,236
673708611235921920,949,253
673707060090052608,987,346
673705679337693185,1123,358
673700254269775872,1280,499
673697980713705472,3496,1688
673689733134946305,1537,568
673688752737402881,1123,438
673686845050527744,1272,375
673680198160809984,1226,414
673662677122719744,1121,326
673656262056419329,650,198
673636718965334016,993,307
673612854080196609,1419,629
673583129559498752,1061,313
673580926094458881,733,237
673576835670777856,1225,486
673363615379013632,929,266
673359818736984064,1284,592
673355879178194945,1336,491
673352124999274496,1493,471
673350198937153538,681,183
673345638550134785,2225,1097
673343217010679808,854,234
673342308415348736,1124,492
673320132811366400,11916,6854
673317986296586240,779,216
673295268553605120,6696,2738
673270968295534593,951,312
673240798075449344,1271,614
673213039743795200,1964,724
673148804208660480,1487,547
672997845381865473,1749,629
672995267319328768,842,251
672988786805112832,874,253
672984142909456390,1116,469
672980819271634944,1620,884
672975131468300288,1494,775
672970152493887488,835,302
672968025906282496,1180,468
672964561327235073,1259,556
672902681409806336,1227,422
672898206762672129,793,363
672884426393653248,1366,722
672877615439593473,907,299
672834301050937345,1152,502
672828477930868736,1108,416
672640509974827008,873,270
672622327801233409,1147,418
672614745925664768,1082,510
672609152938721280,963,337
672604026190569472,965,335
672594978741354496,1175,528
672591762242805761,840,283
672591271085670400,638,157
672538107540070400,896,315
672523490734551040,552,146
672488522314567680,989,371
672482722825261057,989,517
672481316919734272,637,110
672475084225949696,1292,604
672466075045466113,1189,446
672272411274932228,5691,2920
672267570918129665,1309,530
672264251789176834,1008,284
672256522047614977,2503,1322
672254177670729728,1270,646
672248013293752320,1525,520
672245253877968896,605,131
672239279297454080,803,275
672231046314901505,1616,876
672222792075620352,700,176
672205392827572224,1975,1002
672169685991993344,910,317
672160042234327040,765,303
672139350159835138,1534,592
672125275208069120,2108,985
672095186491711488,873,328
672082170312290304,836,318
672068090318987265,1131,439
671896809300709376,7582,3661
671891728106971137,1171,478
671882082306625538,3089,1199
671879137494245376,1243,569
671874878652489728,1103,478
671866342182637568,992,416
671855973984772097,790,371
671789708968640512,6298,2989
671768281401958400,1046,433
671763349865160704,1488,769
671744970634719232,1201,657
671743150407421952,673,200
671735591348891648,1282,651
671729906628341761,7470,3785
671561002136281088,11348,6291
671550332464455680,809,183
671547767500775424,1202,496
671544874165002241,1721,889
671542985629241344,966,483
671538301157904385,838,333
671536543010570240,1036,343
671533943490011136,896,493
671528761649688577,736,214
671520732782923777,1215,453
671518598289059840,829,250
671511350426865664,1418,604
671504605491109889,6213,3110
671497587707535361,823,385
671488513339211776,881,411
671486386088865792,507,172
671485057807351808,676,195
671390180817915904,1279,648
671362598324076544,973,257
671357843010908160,351,133
671355857343524864,418,104
671347597085433856,830,368
671186162933985280,637,176
671182547775299584,975,283
671166507850801152,777,301
671163268581498880,1453,963
671159727754231808,314,68
671154572044468225,624,185
671151324042559489,588,126
671147085991960577,581,191
671141549288370177,1017,569
671138694582165504,820,340
671134062904504320,652,162
671122204919246848,3072,2178
671115716440031232,1208,668
671109016219725825,1000,377
670995969505435648,963,241
670842764863651840,21997,7547
670840546554966016,522,165
670838202509447168,979,597
670833812859932673,381,109
670832455012716544,644,184
670826280409919488,4856,3487
670823764196741120,672,159
670822709593571328,543,83
670815497391357952,2771,1310
670811965569282048,980,229
670807719151067136,1051,425
670804601705242624,1729,814
670803562457407488,300,77
670797304698376195,658,202
670792680469889025,731,236
670789397210615808,582,210
670786190031921152,527,168
670783437142401025,720,330
670782429121134593,1344,652
670780561024270336,698,249
670778058496974848,295,62
670764103623966721,953,371
670755717859713024,392,87
670733412878163972,847,446
670727704916926465,734,312
670717338665226240,1048,416
670704688707301377,686,317
670691627984359425,516,208
670679630144274432,663,240
670676092097810432,214,35
670668383499735048,9413,4294
670474236058800128,1330,629
670468609693655041,314,77
670465786746662913,851,466
670452855871037440,489,174
670449342516494336,1072,565
670444955656130560,6037,1734
670442337873600512,579,175
670435821946826752,937,433
670434127938719744,1254,559
670433248821026816,295,100
670428280563085312,1226,520
670427002554466305,461,141
670421925039075328,1135,549
670420569653809152,537,265
670417414769758208,501,280
670411370698022913,1788,765
670408998013820928,485,187
670403879788544000,374,128
670385711116361728,488,172
670374371102445568,668,236
670361874861563904,288,55
670338931251150849,371,96
670319130621435904,3459,1064
670303360680108032,382,107
670290420111441920,621,249
670093938074779648,906,275
670086499208155136,619,217
670079681849372674,1952,1055
670073503555706880,1380,677
670069087419133954,550,205
670061506722140161,665,289
670055038660800512,592,279
670046952931721218,574,151
670040295598354432,656,96
670037189829525505,527,240
670003130994700288,294,77
669993076832759809,281,70
669972011175813120,392,132
669970042633789440,271,43
669942763794931712,443,131
669926384437997569,337,81
669923323644657664,202,50
669753178989142016,704,339
669749430875258880,226,55
669684865554620416,446,74
669683899023405056,337,93
669682095984410625,310,115
669680153564442624,580,241
669661792646373376,713,365
669625907762618368,3105,1559
669603084620980224,845,316
669597912108789760,447,131
669583744538451968,1315,797
669573570759163904,387,120
669571471778410496,1401,877
669567591774625800,201,45
669564461267722241,335,104
669393256313184256,312,62
669375718304980992,1167,626
669371483794317312,433,148
669367896104181761,404,128
669363888236994561,556,200
669359674819481600,329,103
669354382627049472,2371,1086
669353438988365824,563,225
669351434509529089,377,153
669328503091937280,904,363
669327207240699904,495,101
669324657376567296,439,182
669216679721873412,1052,346
669214165781868544,384,135
669203728096960512,885,406
669037058363662336,571,263
669015743032369152,648,322
669006782128353280,510,209
669000397445533696,18619,5497
668994913074286592,389,187
668992363537309700,657,292
668989615043424256,593,288
668988183816871936,796,389
668986018524233728,477,139
668981893510119424,478,257
668979806671884288,701,291
668975677807423489,1149,495
668967877119254528,127,18
668960084974809088,617,209
668955713004314625,240,63
668932921458302977,227,50
668902994700836864,276,87
668892474547511297,353,126
668872652652679168,475,266
668852170888998912,409,139
668826086256599040,382,112
668815180734689280,490,224
668779399630725120,627,322
668655139528511488,470,187
668645506898350081,770,457
668643542311546881,781,444
668641109086707712,943,464
668636665813057536,913,434
668633411083464705,2453,1373
668631377374486528,616,278
668627278264475648,281,96
668625577880875008,326,110
668623201287675904,1241,651
668620235289837568,180,35
668614819948453888,542,271
668587383441514497,1472,918
668567822092664832,206,46
668544745690562560,452,197
668542336805281792,403,181
668537837512433665,226,61
668528771708952576,401,188
668507509523615744,276,87
668496999348633600,357,114
668484198282485761,371,207
668480044826800133,394,126
668466899341221888,766,438
668297328638447616,554,255
668291999406125056,213,28
668286279830867968,436,116
668274247790391296,717,195
668268907921326080,483,205
668256321989451776,1147,515
668248472370458624,838,406
668237644992782336,5415,2410
668226093875376128,246,85
668221241640230912,452,168
668204964695683073,487,171
668190681446379520,574,171
668171859951755264,424,161
668154635664932864,437,272
668142349051129856,508,238
668113020489474048,580,207
667937095915278337,1109,687
667924896115245057,264,95
667915453470232577,184,46
667911425562669056,430,245
667902449697558528,754,332
667886921285246976,1641,906
667885044254572545,728,397
667878741721415682,347,100
667873844930215936,550,338
667866724293877760,2703,898
667861340749471744,222,69
667832474953625600,254,54
667806454573760512,924,415
667801013445750784,282,80
667793409583771648,604,285
667782464991965184,361,210
667773195014021121,203,44
667766675769573376,371,185
667728196545200128,323,125
667724302356258817,422,265
667550904950915073,0,28
667550882905632768,0,25
667549055577362432,5086,1939
667546741521195010,303,106
667544320556335104,759,456
667538891197542400,175,58
667534815156183040,714,442
667530908589760512,409,206
667524857454854144,1496,962
667517642048163840,331,165
667509364010450944,6032,1856
667502640335572993,484,193
667495797102141441,458,231
667491009379606528,456,188
667470559035432960,225,85
667455448082227200,171,53
667453023279554560,279,73
667443425659232256,681,485
667437278097252352,396,197
667435689202614272,267,76
667405339315146752,409,194
667393430834667520,168,50
667369227918143488,328,142
667211855547486208,425,209
667200525029539841,541,227
667192066997374976,332,86
667188689915760640,642,328
667182792070062081,12480,5246
667177989038297088,164,48
667176164155375616,523,384
667174963120574464,218,69
667171260800061440,186,71
667165590075940865,2372,963
667160273090932737,217,50
667152164079423490,42101,14553
667138269671505920,3994,1858
667119796878725120,284,104
667090893657276420,286,104
667073648344346624,351,103
667070482143944705,71,12
667065535570550784,143,40
667062181243039745,192,45
667044094246576128,162,43
667012601033924608,392,185
666996132027977728,213,78
666983947667116034,2237,841
666837028449972224,702,466
666835007768551424,183,64
666826780179869698,218,78
666817836334096384,442,209
666804364988780544,206,78
666786068205871104,656,408
666781792255496192,324,168
666776908487630848,303,148
666739327293083650,207,59
666701168228331520,371,181
666691418707132416,160,41
666649482315059201,992,522
666644823164719104,207,68
666454714377183233,445,179
666447344410484738,90,19
666437273139982337,106,40
666435652385423360,137,41
666430724426358785,276,159
666428276349472768,139,67
666421158376562688,272,90
666418789513326592,107,39
666411507551481857,371,261
666407126856765440,93,30
666396247373291520,147,68
666373753744588802,162,73
666362758909284353,647,463
666353288456101888,178,56
666345417576210432,242,121
666337882303524864,167,79
666293911632134144,424,288
666287406224695296,123,55
666273097616637952,151,66
666268910803644416,98,38
666104133288665088,12827,5452
666102155909144576,66,11
666099513787052032,134,53
666094000022159362,142,63
666082916733198337,92,37
666073100786774016,273,129
666071193221509120,127,50
666063827256086533,396,180
666058600524156928,99,47
666057090499244032,247,111
666055525042405380,366,196
666051853826850816,1022,697
666050758794694657,115,50
666049248165822465,88,36
666044226329800704,246,114
666033412701032449,100,36
666029285002620928,112,39
666020888022790149,2280,419
